2066
8852
6219
6753
7508
2048
5987
2256
1295
3861
9828
2215
6636
3706
5648
3068
5432
9163
1215
4191
8515
2972
9545
6548
5479
8848
6960
4299
977
975
3926
4338
5
942
1282
174
236
5697
5319
1006
2280
9983
2584
3448
390
6518
7232
422
4081
758
7410
3110
4337
7580
9097
9943
5374
1017
662
1953
8765
8593
2987
6328
2054
4183
7359
5881
2413
2466
1017
1544
4022
9758
3545
3161
8902
2910
6366
959
1102
1256
5059
9616
3183
8435
1499
969
3135
3690
5419
5867
3787
118
8679
2039
9740
946
6719
4877
8116
7718
6276
8528
1248
9091
8547
2738
7161
4444
1502
1341
4528
3938
1336
9816
4391
4054
690
1946
9724
4379
807
3140
2600
149
668
731
4918
4426
5838
3083
9139
3230
7267
2954
1355
3881
3623
5333
6214
3273
200
8318
6253
1885
4971
2487
5477
8511
7954
2681
1577
1445
7741
5000
5211
1566
3297
5328
6327
1489
3420
4596
8791
4445
7314
8391
3264
6009
2261
1105
1468
4106
7301
7304
2789
3907
64
5850
6260
7410
7674
4131
5257
3916
8443
1885
382
2746
4913
7827
4196
3443
7161
137
6152
2262
6612
8315
1153
873
8977
8139
80
9171
8066
1336
7873
2090
1023
4017
8627
1589
1338
5308
6732
4378
6462
7878
1838
2936
8709
5213
6513
7314
7992
852
2475
8771
1655
92
2591
2430
1285
3797
3620
1408
7718
7866
8219
2222
456
3526
6889
4874
7879
7151
5869
6895
903
4719
4708
25
5101
31
9981
1763
5340
5593
9199
5053
4824
8452
8897
4636
6591
3092
8327
1700
6104
7221
613
9621
5452
6436
9720
6903
6161
592
6654
1443
2863
8314
8736
5993
9600
3728
9286
1231
2898
8145
7568
1368
3240
6919
7605
314
3777
9243
1454
556
2857
1307
5348
4146
2387
7225
1432
2627
322
4629
5162
5758
9782
2360
719
4440
2606
2012
3543
6644
2806
3001
6099
9479
1360
5943
5001
7433
2695
8555
4301
5066
1774
9726
8240
1451
5054
1316
194
7117
8039
6191
9885
6303
8187
408
9976
99
2684
1343
8357
7182
1726
1606
3760
2750
7328
1023
3951
1153
6380
1328
164
3031
2976
3758
8300
5161
5467
1738
481
838
6569
7731
9997
9120
3314
7905
9299
6484
5386
6187
9255
3385
7558
2771
1044
1525
9693
1383
5840
5136
5026
4401
6089
279
6386
2836
6212
6067
711
8055
7678
9874
5943
1194
6970
8666
1756
1353
3491
4522
1381
6105
1199
176
5231
8743
8435
4592
809
3010
1303
7866
8975
8670
798
2075
3613
8733
976
1851
4513
7057
2115
5604
3890
8127
8534
1839
4309
5027
662
1666
1137
6012
5101
3543
1251
7766
6219
7287
6183
9983
7659
6238
1134
6582
3177
4008
1205
4891
689
8804
3326
4421
1854
3231
8338
9355
3465
868
4787
8188
146
3440
3903
8214
9199
6126
2868
2858
4401
8985
8549
2013
8499
4080
2791
1841
4497
3431
3902
9541
2648
7954
1662
9240
