4260
9053
2032
3023
388
4051
3490
12
6256
5774
2745
8420
8524
9920
350
6303
17
7238
8471
529
6367
9659
114
986
7114
484
2960
5062
7898
6500
9111
5229
4696
8068
4390
8675
317
5973
3430
251
3755
9969
6714
1178
5353
6471
903
2059
5047
7680
2686
3832
1451
3778
8594
1428
8747
6885
9411
6699
1580
6718
666
2165
4556
9436
4708
6420
6044
5591
4581
2730
8872
2294
2099
1338
8583
520
3808
7251
4984
961
1106
9162
1037
2264
3760
4654
4838
5406
9559
7828
3980
2647
2051
8807
1531
5984
263
8932
6024
5821
5077
7323
7877
5793
3032
170
1794
1364
3081
1070
7665
6119
471
8249
9038
1145
1439
4823
7252
6376
3531
8113
942
7690
9900
6413
6997
9924
8017
6299
35
1729
7750
1275
7338
5005
3249
1033
7230
7544
7458
7651
6306
3084
7498
4949
5822
8720
5375
8772
3701
4252
1041
9667
8206
9918
7141
647
4553
5776
7978
6763
5041
1030
5417
6977
5604
8158
4309
4572
8663
456
3124
7331
2431
7853
8659
4524
303
3090
8487
7233
7595
4957
5598
985
8327
9318
253
2656
3975
8622
2888
9331
2536
1784
5629
1422
8161
5561
837
8780
2637
6111
5655
9456
4099
6636
9522
3203
2585
1743
3322
3480
9958
1295
72
4701
6901
5118
7002
1130
6034
8727
1357
8280
6680
5070
183
3915
576
9039
9031
1510
853
5187
7259
9631
6806
9591
5392
2606
5552
1339
6858
2471
6058
9354
9103
1103
4499
2772
5960
8708
6461
5540
8698
5926
8862
9979
1752
4376
3985
849
6843
771
1174
404
5133
8969
9388
1090
9028
9380
9668
2016
3562
9801
5131
4664
610
6721
1024
4892
8672
4464
1981
5116
3142
5287
9672
5332
6679
9680
8598
8828
2340
4613
3375
6609
187
2820
4843
2594
6832
2273
1655
9740
5239
877
6363
613
9115
7177
9270
5182
2520
5188
5937
3731
6279
4181
9293
5226
670
1385
3218
7859
222
478
8669
2479
7343
1688
1925
7656
8886
4279
1078
4271
2864
6740
9751
1480
5587
1956
4317
3557
9427
3713
2347
8933
3054
5085
9832
6293
4695
7674
6712
7678
3970
5107
5366
1259
517
6869
9135
8448
5108
32
2011
1672
8258
7079
8326
8310
430
2454
6102
5627
4258
5874
1812
780
285
707
1446
2192
4955
541
1805
1268
5333
3769
4710
3695
3949
7897
7776
4074
5576
9916
3838
7992
3244
5290
6039
540
9765
5331
9001
4525
8143
6084
2658
2098
538
5341
2232
2677
9865
1167
6605
9126
5747
4934
228
3250
4280
3620
1038
2291
4568
1126
2391
9673
9962
3569
873
1570
1081
906
5802
163
6475
600
8009
7410
2770
4813
8331
473
6425
6559
2526
2042
7432
7314
1486
376
6914
7576
8301
3977
7497
9628
8804
8181
7659
301
3976
7855
9097
7072
8194
5829
3639
6773
194
8353
7205
1150
2050
6798
1653
9120
1903
8338
7865
7794
4318
5233
493
5563
1046
8628
1201
6053
